ls-10 = {"cost": 525, "solution": "'(1, 1, 1, 0, 0, 0, 1, 1, 1, 0)'", "time": 0, "status": "Optimal", "lower_bound": 525}

ls-20 = {"cost": 1566, "solution": "'(1, 1, 3, 2, 2, 2, 0, 0, 0, 0, 3, 3, 3, 3, 1, 0, 0, 2, 0, 2)'", "time": 0, "status": "Optimal", "lower_bound": 1566}

ls-30 = {"cost": 2983, "solution": "'(3, 1, 0, 0, 4, 4, 5, 5, 2, 1, 1, 0, 0, 0, 0, 0, 3, 1, 4, 4, 5, 0, 0, 1, 1, 4, 4, 2, 1, 3)'", "time": 0, "status": "Optimal", "lower_bound": 2983}

ls-40 = {"cost": 4077, "solution": "'(2, 2, 7, 4, 6, 6, 5, 5, 5, 0, 2, 1, 1, 7, 7, 3, 2, 2, 2, 0, 0, 0, 5, 5, 5, 5, 5, 6, 6, 6, 6, 6, 2, 2, 3, 0, 0, 4, 3, 3)'", "time": 0, "status": "Optimal", "lower_bound": 4077}

ls-50 = {"cost": 5836, "solution": "'(9, 9, 8, 4, 4, 4, 4, 1, 1, 3, 3, 3, 5, 0, 0, 0, 7, 6, 6, 2, 2, 8, 8, 8, 1, 1, 4, 5, 9, 9, 2, 7, 3, 9, 6, 0, 4, 5, 7, 9, 8, 8, 0, 0, 3, 1, 1, 1, 5, 8)'", "time": 2, "status": "Optimal", "lower_bound": 5836}

ls-70 = {"cost": 8557, "solution": "'(5, 0, 9, 7, 11, 3, 5, 1, 12, 6, 3, 2, 2, 11, 3, 7, 0, 0, 0, 8, 10, 6, 13, 12, 9, 2, 2, 4, 5, 5, 5, 9, 9, 9, 9, 7, 0, 13, 10, 10, 10, 6, 2, 4, 11, 7, 0, 9, 7, 11, 2, 2, 4, 3, 5, 5, 11, 11, 13, 1, 1, 9, 7, 6, 4, 0, 12, 5, 1, 0)'", "time": 2, "status": "Optimal", "lower_bound": 8557}

ls-100 = {"cost": 12563, "solution": "'(4, 10, 7, 0, 6, 6, 12, 9, 9, 19, 15, 16, 10, 10, 17, 0, 0, 16, 16, 16, 2, 2, 14, 15, 15, 13, 13, 5, 7, 19, 19, 19, 12, 4, 4, 4, 8, 6, 2, 2, 13, 13, 14, 14, 15, 15, 19, 19, 17, 17, 11, 3, 5, 5, 13, 13, 8, 7, 19, 9, 10, 3, 6, 6, 6, 16, 19, 19, 4, 11, 0, 9, 9, 9, 10, 10, 8, 8, 13, 7, 2, 17, 0, 11, 12, 12, 1, 19, 3, 15, 16, 16, 15, 5, 17, 3, 3, 15, 15, 3)'", "time": 30, "status": "Optimal", "lower_bound": 12563}

ls-200 = {"cost": 27538, "solution": "'(8, 8, 8, 10, 14, 11, 16, 15, 17, 11, 11, 16, 7, 5, 9, 9, 13, 13, 12, 12, 12, 10, 10, 8, 8, 8, 17, 18, 13, 13, 13, 4, 4, 4, 12, 0, 7, 15, 15, 15, 19, 11, 12, 12, 12, 16, 5, 10, 10, 17, 17, 17, 14, 3, 3, 3, 3, 17, 19, 7, 7, 1, 1, 5, 5, 10, 11, 11, 11, 2, 4, 4, 12, 0, 0, 0, 0, 0, 0, 7, 7, 13, 13, 11, 9, 9, 12, 1, 1, 5, 6, 6, 10, 3, 16, 19, 6, 6, 7, 5, 5, 5, 10, 1, 1, 1, 14, 18, 2, 17, 17, 17, 6, 6, 6, 7, 14, 11, 11, 11, 13, 15, 19, 1, 2, 2, 16, 17, 8, 4, 4, 13, 13, 13, 0, 0, 9, 12, 1, 1, 5, 14, 18, 18, 18, 6, 6, 12, 12, 10, 3, 3, 0, 0, 9, 9, 7, 17, 17, 10, 10, 19, 12, 1, 5, 0, 0, 17, 17, 17, 7, 14, 3, 3, 2, 11, 18, 18, 7, 15, 3, 16, 3, 14, 9, 4, 4, 0, 0, 8, 7, 13, 5, 3, 12, 1, 5, 11, 19, 19)'", "time": 31317, "status": "Optimal", "lower_bound": 27535.2}

ls-300 = {"cost": 44752, "solution": "'(0, 9, 16, 1, 11, 5, 15, 3, 19, 9, 9, 7, 2, 14, 5, 13, 6, 9, 9, 15, 3, 11, 18, 10, 14, 0, 1, 1, 6, 11, 2, 0, 0, 5, 5, 3, 3, 3, 11, 11, 18, 10, 14, 13, 2, 6, 6, 1, 14, 14, 0, 0, 0, 18, 19, 19, 9, 5, 3, 1, 1, 1, 11, 18, 16, 16, 16, 13, 13, 4, 8, 19, 12, 12, 6, 6, 6, 15, 3, 11, 8, 13, 17, 15, 4, 15, 3, 0, 6, 6, 6, 16, 13, 5, 5, 18, 18, 10, 10, 9, 16, 16, 7, 7, 12, 12, 12, 9, 9, 9, 19, 15, 4, 13, 13, 13, 6, 6, 6, 6, 1, 1, 5, 5, 5, 5, 5, 5, 3, 10, 10, 11, 8, 0, 0, 0, 0, 0, 17, 19, 18, 18, 7, 6, 6, 6, 6, 6, 1, 14, 3, 3, 3, 3, 11, 11, 11, 16, 16, 16, 16, 13, 13, 4, 4, 14, 14, 7, 7, 10, 10, 10, 19, 15, 15, 9, 9, 2, 2, 0, 18, 17, 17, 17, 19, 19, 16, 16, 7, 7, 7, 7, 5, 5, 10, 10, 18, 16, 16, 16, 2, 12, 12, 11, 11, 9, 13, 4, 8, 14, 14, 6, 6, 6, 6, 15, 3, 17, 19, 5, 5, 12, 12, 10, 10, 13, 13, 13, 4, 15, 15, 7, 7, 7, 1, 14, 14, 14, 0, 16, 11, 15, 4, 0, 17, 9, 9, 7, 14, 11, 11, 18, 16, 13, 15, 10, 10, 10, 19, 5, 5, 5, 12, 1, 4, 15, 15, 9, 7, 18, 8, 19, 3, 11, 12, 12, 12, 2, 6, 14, 13, 15, 15, 16, 12, 12, 9, 19, 18, 3, 3, 11, 8, 13, 1, 4, 5, 5, 9, 15)'", "time": 43025, "status": "Feasible", "lower_bound": 44143.5}

ls-400 = {"cost": 67744, "solution": "'(9, 3, 19, 1, 5, 7, 8, 8, 11, 14, 14, 16, 16, 16, 0, 11, 14, 14, 15, 15, 19, 9, 11, 12, 6, 6, 17, 10, 13, 8, 11, 11, 11, 16, 16, 3, 18, 18, 0, 1, 2, 2, 7, 7, 4, 4, 15, 12, 12, 12, 3, 3, 17, 17, 10, 8, 8, 11, 5, 13, 13, 9, 9, 8, 3, 3, 13, 13, 14, 12, 18, 2, 7, 3, 13, 4, 4, 3, 11, 12, 1, 16, 16, 16, 16, 16, 16, 14, 7, 10, 18, 6, 6, 6, 13, 13, 11, 11, 15, 15, 15, 19, 8, 8, 14, 17, 17, 0, 0, 0, 0, 18, 1, 15, 15, 15, 15, 1, 7, 7, 7, 12, 12, 19, 19, 17, 17, 9, 9, 4, 4, 0, 0, 2, 2, 5, 8, 18, 18, 10, 1, 1, 1, 2, 2, 3, 19, 19, 19, 19, 6, 6, 4, 4, 4, 7, 0, 1, 10, 10, 12, 11, 17, 13, 9, 9, 9, 9, 14, 14, 7, 4, 10, 13, 13, 3, 3, 3, 3, 12, 12, 19, 18, 17, 17, 17, 6, 4, 5, 10, 5, 9, 4, 9, 9, 9, 9, 15, 9, 16, 8, 8, 8, 8, 11, 11, 13, 19, 19, 0, 0, 4, 4, 15, 14, 0, 5, 3, 9, 9, 9, 18, 11, 8, 8, 14, 14, 19, 11, 10, 7, 17, 1, 1, 16, 16, 16, 3, 6, 6, 6, 0, 0, 4, 18, 2, 8, 19, 19, 19, 5, 5, 10, 12, 17, 1, 14, 15, 15, 15, 15, 11, 10, 13, 7, 5, 8, 8, 8, 10, 10, 9, 2, 2, 17, 17, 17, 11, 11, 0, 3, 3, 9, 4, 8, 18, 10, 5, 5, 3, 3, 9, 9, 9, 17, 1, 7, 5, 18, 18, 10, 13, 6, 6, 0, 11, 11, 11, 17, 19, 7, 7, 2, 3, 11, 14, 18, 6, 6, 6, 1, 4, 4, 15, 13, 13, 18, 5, 12, 11, 11, 11, 14, 3, 19, 1, 16, 16, 6, 18, 19, 9, 4, 15, 15, 14, 0, 13, 13, 13, 17, 9, 9, 10, 15, 2, 8, 8, 8, 1, 15, 14, 7, 4, 11, 5, 5, 18, 17, 0, 6, 17, 13, 9, 18, 19, 19, 1, 2, 8, 8, 4, 17, 16, 12, 9, 9, 9, 10, 13, 4, 15, 12, 19, 5, 4, 4, 12, 19, 1)'", "time": 42712, "status": "Feasible", "lower_bound": 63573.2}


ls-500 = {"cost": 120081, "solution": "'(10, 9, 4, 4, 13, 12, 3, 1, 7, 5, 13, 19, 6, 8, 16, 8, 10, 17, 8, 13, 6, 19, 3, 10, 13, 10, 10, 5, 11, 16, 6, 13, 13, 3, 10, 15, 13, 0, 18, 9, 10, 17, 5, 19, 6, 8, 3, 5, 17, 0, 7, 2, 8, 13, 8, 1, 1, 18, 2, 8, 15, 9, 19, 6, 12, 18, 0, 7, 5, 1, 15, 0, 5, 16, 14, 16, 7, 10, 5, 0, 1, 19, 0, 1, 19, 17, 11, 10, 0, 10, 4, 15, 2, 17, 8, 14, 1, 18, 15, 1, 15, 11, 12, 13, 12, 8, 0, 19, 18, 13, 6, 19, 19, 16, 14, 5, 1, 6, 9, 18, 18, 11, 3, 15, 18, 5, 3, 15, 15, 2, 19, 13, 17, 2, 11, 3, 15, 15, 3, 3, 7, 9, 9, 6, 8, 19, 0, 6, 12, 19, 7, 8, 4, 15, 7, 12, 16, 16, 5, 5, 5, 1, 1, 2, 14, 17, 0, 15, 2, 17, 9, 1, 12, 6, 1, 13, 12, 10, 14, 15, 2, 14, 18, 19, 6, 5, 13, 15, 17, 2, 11, 10, 5, 2, 0, 11, 1, 7, 13, 1, 11, 11, 3, 6, 13, 6, 6, 16, 18, 18, 2, 9, 17, 4, 7, 8, 15, 3, 2, 4, 1, 14, 4, 13, 16, 17, 7, 4, 18, 2, 1, 2, 4, 9, 12, 12, 19, 19, 11, 9, 11, 11, 11, 9, 4, 4, 8, 13, 8, 1, 9, 1, 6, 7, 12, 2, 15, 11, 11, 13, 7, 15, 4, 10, 11, 12, 5, 0, 3, 6, 4, 13, 7, 14, 11, 9, 9, 1, 0, 18, 18, 19, 2, 1, 2, 5, 10, 7, 8, 4, 13, 10, 11, 19, 6, 0, 7, 4, 19, 17, 1, 8, 2, 8, 10, 18, 12, 3, 11, 19, 3, 8, 13, 4, 9, 11, 5, 16, 14, 4, 4, 9, 17, 0, 14, 18, 5, 11, 10, 2, 15, 18, 3, 0, 6, 12, 6, 15, 2, 1, 5, 16, 1, 0, 2, 15, 15, 5, 18, 18, 7, 8, 1, 12, 9, 0, 9, 15, 17, 13, 19, 3, 14, 4, 11, 15, 1, 1, 9, 19, 15, 7, 8, 1, 2, 2, 3, 18, 8, 13, 13, 18, 2, 16, 9, 9, 10, 18, 12, 16, 19, 12, 15, 17, 3, 7, 2, 11, 9, 3, 19, 19, 9, 14, 12, 3, 1, 15, 10, 16, 4, 5, 13, 16, 18, 10, 17, 3, 10, 1, 13, 3, 13, 0, 19, 19, 3, 14, 0, 10, 1, 18, 0, 1, 10, 6, 14, 13, 1, 6, 15, 11, 15, 7, 18, 2, 15, 10, 14, 13, 2, 17, 10, 0, 7, 10, 9, 18, 6, 1, 5, 12, 13, 9, 19, 19, 11, 1, 19, 6, 16, 17, 18, 10, 13, 18, 0, 16, 8, 10, 5, 6, 11, 8, 7, 8, 19, 1, 6, 11, 4, 9, 2, 7, 14, 1, 15, 13, 4, 17)'", "time": 7204, "status": "Feasible", "lower_bound": 78576.5}
