ls-10: Cost: 525 [1, 1, 1, 0, 0, 0, 1, 1, 1, 0]
(optimal)

ls-20: Cost: 1566 [1, 1, 3, 2, 2, 2, 0, 0, 0, 0, 3, 3, 3, 3, 1, 0, 0, 2, 0, 2]
(optimal)

ls-30: Cost: 2983 [3, 1, 0, 0, 4, 4, 5, 5, 2, 1, 1, 0, 0, 0, 0, 0, 3, 1, 4, 4, 5, 0, 0, 1, 1, 4, 4, 2, 1, 3]
(optimal)

ls-40: Cost: 5792 [2, 2, 7, 6, 4, 5, 6, 0, 4, 0, 0, 2, 1, 7, 7, 3, 1, 0, 5, 2, 5, 3, 2, 2, 6, 5, 5, 5, 5, 6, 6, 6, 6, 2, 2, 0, 0, 5, 3, 3]

ls-50: Cost: 7819 [1, 3, 0, 4, 4, 0, 8, 9, 0, 2, 9, 2, 4, 3, 5, 1, 1, 7, 6, 6, 4, 8, 8, 2, 4, 8, 1, 3, 9, 5, 7, 9, 9, 6, 3, 0, 4, 5, 7, 9, 8, 8, 0, 0, 3, 1, 1, 1, 5, 8]

ls-70: Cost: 10237 [5, 0, 9, 1, 11, 3, 7, 5, 12, 6, 3, 2, 2, 11, 3, 0, 0, 0, 7, 8, 10, 6, 13, 12, 2, 9, 2, 5, 4, 5, 4, 5, 2, 9, 6, 9, 0, 10, 10, 9, 7, 13, 9, 10, 11, 7, 0, 9, 4, 7, 11, 2, 2, 13, 3, 5, 5, 11, 11, 1, 1, 9, 7, 6, 4, 0, 12, 5, 1, 0]

ls-100: no solutions found

ls-200: no solutions found

ls-300: no solutions found

ls-400: no solutions found

ls-500: no solutions found
